m=0.3
M=1.2
c=0.03
d=0.062
b1=0.05
b2=45
g=9.81